                  
                  
                   
                     
                  
                   
                   

                    1

                                                   
                         
          2                    
         1  
 

                                                          
                                               
                                
 

                                
 
                                              
                             

          0  

                      1             
                      2                               0666  
                    3                               0666  
                      4                               0666  
                     5                               0666  

                                                       0   

                                     
                   0            
                                              
                                            
                                              
                     
         

                                              
                           0     
                                                
                
                                                                              
         

                                 
                           0     
                                              
                
                                                                       
         

                                                      
                           0                                 
                                                                         
                                   0                      0     
                                                                                 
                
                                                                                   
         
     

                             0            

                         
                         
                         



                                       0     0 
                              

                                     0     0 
                              

                                       0     0 
                              

                                         
                                  0  

                                                
                 0                   
                                   
                   0                
                                 1     
         
     

                                
                 0                   
                                   
                   0                
                                 1     
         
     

                 
                 
               
                 

           0 
 
